1ª etapa
notebook paralelo
005 02,241
010 09,879
015 25,421
020 49,913
025 97,767
030 141,966
035 211,765
040 250,663
045 272,251
050 323,506
055 359,835
060 410,289
065 435,140
070 478,638
075 533,827
080 556,882
085 634,073
090 699,789
095 740,603
100 792,911
notebook sequencial
005 00,9558
010 07,2712
015 27,4049
020 71,8370
025 155,975
030 280,145
035 418,067
040 505,145
045 590,661
050 693,904
055 787,628
060 916,831
065 984,278
070 1075,55
075 1226,57
080 1291,15
085 1448,02
090 1588,42
095 1697,73
100 1824,36
raspberry paralelo
005 007,098 
010 029,798 
015 079,189 
020 158,181 
025 326,937 
030 507,329 
035 708,825 
040 804,081 
045 844,442 
050 1049,87 
055 1180,75 
060 1336,32 
065 1458,83 
070 1614,59 
075 1795,99 
080 1930,37 
085 2187,27 
090 2418,45 
095 2591,56 
100 2903,30 
raspberry sequencial
005 007,3654
010 030,5063
015 095,642
020 224,335
025 462,626
030 861,960
035 1185,32
040 1459,45
045 1689,09
050 1915,18
055 2244,60
060 2465,79
065 2880,26
070 3219,54
075 3553,37
080 3797,54
085 4265,41
090 4756,19
095 5238,14
100 5777,20
2ª etapa
Notebook Sequencial
279.691
281.193
279.259
280.214
280.214
279.828
280.492
279.881
280.202
280.308
280.241
279.754
279.909
279.732
279.267
280.048
279.592
279.139
279.872
278.738
279.799
279.817
280.954
278.524
279.334
282.927
280.251
280.190
279.767
279.382
280.460
279.700
280.131
279.596
279.478
279.683
280.728
279.607
279.370
279.483
279.464
281.916
279.639
279.195
283.284
281.374
279.339
279.706
282.606
280.581
Notebook paralelo
140.280
139.722
139.855
139.786
143.706
139.482
139.358
139.629
139.580
141.951
138.989
139.349
139.788
140.221
139.311
139.385
139.654
139.478
139.537
139.450
140.309
138.906
139.179
139.408
139.717
139.227
139.915
139.227
139.637
161.743
142.598
139.823
141.463
140.554
140.523
150.022
139.111
138.838
139.866
139.575
139.766
140.691
139.212
141.061
139.856
139.276
141.488
139.077
139.534
139.955
Raspberry sequencial
1323.86
1375.99
1365.67
1374.60
1381.36
1362.82
1374.79
1374.78
1374.40
1369.91
1375.25
1365.93
1376.07
1360.85
1369.92
1373.55
1374.75
1374.63
1374.96
1377.66
1378.26
1371.50
1366.35
1359.54
1358.22
1366.47
1374.45
1361.44
1372.29
1376.34
1360.26
1364.00
1366.83
1383.26
1369.05
1372.81
1374.64
1366.12
1375.21
1361.21
1375.65
1357.82
1373.57
1377.90
1359.75
1378.87
1361.45
1367.93
1383.59
1358.59
Raspberry paralelo
476.261
477.432
479.935
477.744
478.857
478.572
492.791
480.319
479.125
476.814
478.738
480.331
479.300
480.701
482.332
480.953
482.104
480.887
481.926
482.305
480.576
481.100
481.768
481.526
480.861
480.492
481.806
483.433
483.709
481.587
481.299
481.294
482.126
482.946
483.632
482.979
481.771
482.371
483.389
482.606
482.869
480.378
481.374
481.127
481.828
482.924
482.462
481.855
484.597
481.247
