codigo;cidades;tempo;sd_ts_rasp/not;sd_tp_rasp_not;sd_not_ts/tp;ef_not;sd_rasp_ts/parl;ef_rasp
ns;005;0.95580;7.7060054405;3.1673360107;0.4265060241;10.6626506024;1.0376725838;25.9418145957
ns;010;7.27120;4.1954973044;3.0162971961;0.7360259136;18.4006478389;1.0237700517;25.5942512920
ns;015;27.4049;3.4899598247;3.1151016876;1.0780417765;26.9510444121;1.2077687558;30.1942188940
ns;020;71.8370;3.1228336373;3.1691342937;1.4392442851;35.9811071264;1.4182171057;35.4554276430
ns;025;155.975;2.9660266068;3.3440424683;1.5953747174;39.8843679360;1.4150310304;35.3757757611
ns;030;280.145;3.0768352103;3.5735950861;1.9733245988;49.3331149712;1.6990158260;42.4753956506
ns;035;418.067;2.8352393277;3.3472245177;1.9742025358;49.3550633957;1.6722322153;41.8058053821
ns;040;505.145;2.8891704362;3.2078168697;2.0152355952;50.3808898800;1.8150534585;45.3763364636
ns;045;590.661;2.8596606175;3.1017039423;2.1695457501;54.2386437515;2.0002439481;50.0060987019
ns;050;693.904;2.7600071480;3.2452875681;2.1449493982;53.6237349539;1.8242068066;45.6051701639
ns;055;787.628;2.8498225050;3.2813650701;2.1888587825;54.7214695624;1.9009951302;47.5248782553
ns;060;916.831;2.6894705785;3.2570212704;2.2345980516;55.8649512904;1.8452092313;46.1302307830
ns;065;984.278;2.9262667661;3.3525532013;2.2619800524;56.5495013099;1.9743630169;49.3590754235
ns;070;1075.55;2.9933894287;3.3733009080;2.2471053280;56.1776332009;1.9940294440;49.8507361002
ns;075;1226.57;2.8969973177;3.3643671077;2.2976919489;57.4422987222;1.9785021075;49.4625526868
ns;080;1291.15;2.9412074507;3.4663896481;2.3185342676;57.9633566896;1.9672601626;49.1815040640
ns;085;1448.02;2.9456844519;3.4495554928;2.2836802703;57.0920067563;1.9501067541;48.7526688520
ns;090;1588.42;2.9942899233;3.4559702996;2.2698556279;56.7463906978;1.9666273853;49.1656846327
ns;095;1697.73;3.0853787116;3.4992566868;2.2923617647;57.3090441168;2.0212304558;50.5307613947
ns;100;1824.36;3.1666995549;3.6615710969;2.3008383034;57.5209575854;1.9898735921;49.7468398030
np;005;02.2410;					
np;010;09.8790;						
np;015;25.4210;						
np;020;49.9130;						
np;025;97.7670;						
np;030;141.966;						
np;035;211.765;						
np;040;250.663;						
np;045;272.251;						
np;050;323.506;						
np;055;359.835;						
np;060;410.289;						
np;065;435.140;						
np;070;478.638;						
np;075;533.827;						
np;080;556.882;						
np;085;634.073;						
np;090;699.789;						
np;095;740.603;					
np;100;792.911;						
rs;005;07.3654;						
rs;010;30.5063;						
rs;015;95.6420;						
rs;020;224.335;					
rs;025;462.626;						
rs;030;861.960;						
rs;035;1185.32;						
rs;040;1459.45;						
rs;045;1689.09;						
rs;050;1915.18;						
rs;055;2244.60;						
rs;060;2465.79;						
rs;065;2880.26;						
rs;070;3219.54;						
rs;075;3553.37;						
rs;080;3797.54;					
rs;085;4265.41;						
rs;090;4756.19;						
rs;095;5238.14;						
rs;100;5777.20;						
rp;005;07.0980;						
rp;010;29.7980;						
rp;015;79.1890;						
rp;020;158.181;						
rp;025;326.937;					
rp;030;507.329;						
rp;035;708.825;						
rp;040;804.081;						
rp;045;844.442;						
rp;050;1049.87;						
rp;055;1180.75;						
rp;060;1336.32;						
rp;065;1458.83;						
rp;070;1614.59;						
rp;075;1795.99;						
rp;080;1930.37;						
rp;085;2187.27;						
rp;090;2418.45;						
rp;095;2591.56;						
rp;100;2903.30;						
