11.3178 99.3537
20.2431 3.06927
85.7319 63.474
83.8467 25.7504
24.6238 54.8516
58.1643 88.0364
67.9881 18.0404
25.2078 50.0147
69.6106 5.97743
30.4163 37.2161
64.4793 11.2071
95.5211 86.4511
89.0032 37.0548
79.6263 56.1115
64.3773 34.8287
50.9514 35.8376
52.5651 15.484
89.4758 76.3166
2.97435 61.4293
34.2344 83.3578
12.8829 4.96573
96.4184 0.69442
63.603 61.4765
20.0508 92.9531
64.8436 10.271
94.1202 40.6065
4.20772 50.8323
50.3501 49.7898
24.5426 9.0809
39.5242 19.8315
59.3043 63.7999
65.9372 61.38
3.47315 18.1782
77.2213 90.6582
31.617 76.3917
47.9976 30.1209
77.9863 56.1397
52.7631 77.8026
48.3565 20.4847
44.9812 12.6048
3.04286 95.1513
78.0718 64.5829
72.224 18.7233
27.0773 83.6316
24.5228 24.6504
18.1051 38.2753
18.4179 31.8746
3.01372 41.2206
39.1343 21.6774
56.1924 52.9589
5.16425 36.0103
89.7346 24.4828
1.28028 80.9001
35.6761 23.7362
81.0314 49.7077
96.8718 5.36613
9.93834 93.989
39.1143 10.0425
0.869148 10.8595
99.1882 65.6372
16.6835 6.74143
40.311 59.4216
25.1894 77.6855
59.2865 27.4253
56.1196 28.0855
49.5076 70.1646
45.971 59.5983
38.7764 55.9453
37.1074 47.0111
7.71501 53.8228
49.7328 24.8552
59.8312 99.2095
38.2046 68.4096
45.1736 44.0157
51.417 32.6734
2.55245 8.689
22.0859 67.0079
98.9607 49.0505
5.00991 78.2383
60.6521 64.763
92.1501 51.6438
47.1948 0.056094
34.1981 36.6767
61.0702 78.9509
38.3053 95.3761
31.6396 37.1036
96.1311 9.9678
8.70202 57.2933
9.70725 28.0152
39.9714 46.0977
69.0857 94.4979
77.4976 18.6671
92.663 66.5331
19.5683 36.3617
60.4453 36.4647
15.4046 66.9197
96.9169 62.2005
54.5183 66.2506
38.8771 63.417
27.8202 33.7845
76.7123 93.6901
64.1424 29.7101
55.7696 53.1618
4.42737 54.77
77.9609 39.9862
26.2264 37.3088
61.6542 68.5461
20.9662 73.0963
4.18051 8.37686
15.3259 95.1239
38.6972 34.601
93.4665 97.2974
28.2137 69.8193
86.3774 12.8661
70.0153 88.721
87.5302 14.9194
5.63826 16.6211
56.2284 8.42803
83.9663 1.4194
21.8983 56.8848
58.5835 13.4621
98.6221 33.9668
52.5641 94.1417
74.9317 17.9364
92.6954 31.3148
1.63221 67.9785
31.9757 48.4523
32.1156 3.19399
21.3348 8.26526
23.7385 81.6995
91.8173 74.1671
65.5571 38.7781
63.2385 73.8772
19.3449 93.4538
39.4965 46.474
68.9629 57.1799
57.2458 13.0428
57.4172 23.5858
89.0618 23.2565
80.2647 83.0939
1.68085 24.3394
41.3622 68.7696
86.686 4.32295
74.3791 19.9636
44.4867 75.3511
74.997 49.8397
90.8227 74.7705
1.22763 83.1788
92.2832 85.7124
99.3001 88.0594
30.6474 45.7352
41.7291 79.5359
88.9031 17.3911
73.234 97.6459
81.4811 21.8207
33.7909 31.5791
67.9266 71.2675
38.5086 71.5078
2.05244 26.3892
79.6355 31.9224
31.6721 48.8095
94.1883 24.4872
26.9444 81.2341
3.07946 83.2646
0.0469692 56.3261
19.5373 71.9782
86.3008 8.56273
80.6681 9.86155
64.1375 40.0054
99.6887 14.8671
30.1805 31.5003
89.5468 49.0906
93.9482 5.23441
95.3207 48.0882
68.084 33.2815
86.097 51.1627
35.005 34.2472
57.7273 61.5599
74.0345 45.0142
57.7668 89.9158
44.8533 23.154
19.095 96.0897
11.0178 88.3501
58.8635 60.1518
32.2664 65.8221
87.5652 2.08248
47.0033 21.0236
46.5525 57.1198
89.23 56.7236
31.2257 65.4034
89.7856 56.1205
38.442 17.5447
69.3233 40.7864
3.67985 61.7134
92.6232 19.5518
0.0130634 88.8295
28.0745 44.3034
12.837 29.1141
75.704 81.954
56.6984 55.3242
54.5492 36.62
80.4591 1.99895
12.3545 1.25642
22.7632 52.1864
97.6058 32.4363
2.10263 92.2018
68.9713 74.3981
42.9451 47.6201
38.3912 12.1209
5.24711 5.7407
63.5298 59.5776
34.1161 91.5854
62.3737 20.4705
90.2543 47.7493
33.0919 16.9904
88.9287 10.6764
53.3996 51.4157
21.4381 27.4356
70.5958 55.2493
96.5546 55.9269
44.7613 3.80134
42.215 7.40609
68.8627 37.5206
16.5234 42.3444
97.113 5.74607
90.032 84.2192
72.5405 90.4129
36.5959 56.1638
68.5413 53.942
92.6973 73.727
53.0406 61.3633
51.9738 21.74
65.8093 69.0359
89.0464 90.175
61.0746 45.03
14.6346 57.5441
94.7055 46.9043
90.5001 11.4331
2.34616 0.405544
80.766 27.8058
58.6906 86.4036
62.5775 74.8849
43.3087 9.15105
51.4074 39.8034
66.2918 60.1536
34.4251 56.1876
18.3108 96.0814
70.37 86.1804
81.4013 77.6149
32.7104 48.9922
87.4545 92.2049
98.5326 43.767
88.6692 50.201
12.5195 31.9322
83.5761 82.3211
46.2511 44.6418
36.3282 33.1728
24.8186 64.1864
37.4147 99.08
16.7564 23.6