NAME: berlin52
DIMENSION: 50
NODE_COORD_SECTION
1 4497 4227
2 9572 4800
3 5409 2155
4 4849 9292
5 5376 2563
6 5071 5486
7 7183 6554
8 8434 8511
9 5497 458
10 6112 4313
11 3173 4520
12 2248 6138
13 3681 3902
14 9383 5964
15 6048 7219
16 6719 6896
17 1445 2642
18 8047 3205
19 4796 9247
20 2497 6523
21 1809 7567
22 2008 5343
23 472 6793
24 206 5968
25 7251 6317
26 6633 423
27 7188 5232
28 6560 7220
29 9133 2294
30 9536 1533
31 9512 2606
32 4780 7309
33 1599 9179
34 513 2746
35 8425 3009
36 5621 234
37 6928 7628
38 5576 7399
39 773 5781
40 9719 8023
41 8449 6351
42 4797 1989
43 1582 1356
44 5560 7066
45 2 1447
46 8598 9513
47 4052 9730
48 6821 2002
49 8908 3686
50 4748 7332
EOF
