NAME: berlin52
DIMENSION: 45
NODE_COORD_SECTION
1 7596 4966
2 6699 1467
3 7435 6013
4 6372 5568
5 1290 6390
6 303 8207
7 8158 1936
8 6297 2497
9 7346 7144
10 1027 2203
11 4040 8515
12 8485 4154
13 8503 9846
14 2971 7869
15 7549 3120
16 9999 5144
17 8085 6697
18 2962 1872
19 9061 5685
20 7439 350
21 2074 4093
22 4908 6584
23 6028 7557
24 9080 9726
25 1052 6458
26 8280 5091
27 4973 6764
28 9244 9827
29 2961 8567
30 4047 510
31 1686 4045
32 2005 6123
33 7094 4967
34 7994 6154
35 651 1784
36 2856 9077
37 5877 4115
38 5660 1904
39 1671 1091
40 7981 2723
41 3900 6261
42 7813 8872
43 9376 3409
44 8698 2337
45 1975 9097
EOF
