NAME: berlin52
DIMENSION: 75
NODE_COORD_SECTION
1 2327 7932
2 7770 1557
3 7693 7279
4 8783 9428
5 7335 6307
6 8543 1453
7 1742 6359
8 7251 2345
9 1970 6168
10 1138 3279
11 632 7607
12 9185 1848
13 782 3948
14 8325 9239
15 1322 6886
16 7002 3649
17 1169 1123
18 1557 8862
19 4753 339
20 8289 8440
21 2998 3183
22 9892 1091
23 9541 3494
24 3435 7862
25 6014 4572
26 7492 6645
27 8531 3029
28 8493 9312
29 6976 3169
30 4902 8298
31 6407 8255
32 8298 7575
33 9377 6206
34 2788 482
35 6545 7429
36 8921 9542
37 611 5164
38 6984 6504
39 8657 419
40 4365 1022
41 1342 1857
42 4019 9872
43 4885 8863
44 5535 8212
45 2031 437
46 2861 4789
47 8691 7510
48 2364 4420
49 3716 5151
50 1253 6612
51 2579 173
52 2505 9542
53 1688 9488
54 6045 344
55 9906 409
56 7718 7600
57 8617 1736
58 7471 9853
59 598 3006
60 4417 2628
61 9794 3629
62 7417 4836
63 1139 6132
64 5607 1206
65 7634 6859
66 7817 6565
67 3383 321
68 6106 5070
69 9808 8502
70 1766 6066
71 5262 9483
72 3665 3879
73 7570 7487
74 83 8167
75 6844 4499
EOF
