NAME: berlin52
DIMENSION: 60
NODE_COORD_SECTION
1 5213 7413
2 9532 3133
3 6110 4835
4 9908 8818
5 7493 6066
6 6361 1893
7 9186 2549
8 5374 4449
9 2053 6034
10 1437 3348
11 9514 6605
12 772 2381
13 7556 1622
14 9354 6501
15 343 4925
16 3592 5555
17 2337 3123
18 8687 4799
19 4309 4947
20 9968 1801
21 7364 6328
22 46 2901
23 5229 5419
24 3701 7281
25 7804 5138
26 6980 3669
27 1742 7751
28 2401 9298
29 5724 8106
30 2150 6066
31 3031 5741
32 7972 1719
33 5215 3011
34 2869 5875
35 7957 2836
36 4028 1672
37 9164 4073
38 4572 744
39 5843 8273
40 8024 9999
41 9762 1355
42 19 1503
43 5458 8772
44 7152 1181
45 6877 5654
46 3599 6259
47 1394 1570
48 7978 2961
49 932 846
50 8835 5240
51 34 9214
52 6911 9197
53 3286 7835
54 9940 5481
55 6107 4315
56 1831 5868
57 2021 1849
58 3722 7478
59 620 7226
60 5011 7497
EOF
