NAME: berlin52
DIMENSION: 80
NODE_COORD_SECTION
1 2663 3500
2 5033 8561
3 8679 3481
4 4054 6049
5 5643 8477
6 7058 9587
7 6099 2308
8 3691 1933
9 3370 5286
10 889 3410
11 8679 5328
12 2426 5496
13 6766 144
14 2660 7413
15 6230 4838
16 3438 5244
17 8337 4823
18 157 3367
19 4655 562
20 5767 297
21 5390 2824
22 6235 1488
23 1483 9926
24 9772 1205
25 1563 660
26 4614 6593
27 2339 3391
28 2089 9105
29 3534 4748
30 2869 6116
31 5937 2659
32 1359 626
33 7481 1515
34 3992 8487
35 2076 9759
36 8783 7466
37 8934 1370
38 5305 6769
39 7647 1429
40 7973 9209
41 8440 8938
42 2154 779
43 2328 4242
44 6235 2214
45 5341 5455
46 8329 7629
47 8113 6039
48 8254 1945
49 3906 8598
50 431 2333
51 4708 5566
52 6150 9993
53 6935 1455
54 6761 4581
55 9235 1085
56 141 7674
57 6374 2294
58 4804 5054
59 2887 7390
60 7267 4579
61 2845 5595
62 8560 957
63 7985 6813
64 9254 1890
65 1762 9684
66 4223 6469
67 1601 6724
68 2814 8535
69 4530 5926
70 9467 3764
71 3363 9608
72 7790 9736
73 8253 2593
74 4789 7492
75 6335 8407
76 8422 9179
77 4001 6981
78 6487 8338
79 146 5740
80 227 1907
EOF
