NAME: berlin52
DIMENSION: 70
NODE_COORD_SECTION
1 8824 1288
2 7182 1352
3 3317 4019
4 579 6211
5 294 8838
6 2880 9495
7 6631 8761
8 705 4083
9 61 3213
10 5864 92
11 776 488
12 9450 9552
13 8094 4739
14 1021 5321
15 459 5342
16 8319 9282
17 2981 5500
18 6985 2649
19 5870 3915
20 8860 6163
21 2752 8091
22 5658 5734
23 3204 2714
24 9817 3264
25 2278 2032
26 9708 3054
27 2519 9157
28 8957 6964
29 3895 9977
30 2285 705
31 1670 603
32 9986 4650
33 2455 3322
34 3651 8324
35 7236 8862
36 839 9987
37 6952 2848
38 2073 6507
39 5561 1889
40 6123 7838
41 272 5830
42 891 2790
43 1338 9847
44 6106 5233
45 6175 8390
46 2289 4196
47 5344 8627
48 8846 4150
49 1948 8848
50 8826 5536
51 7709 9664
52 5522 1012
53 8863 3946
54 7519 4423
55 2186 9993
56 8612 2457
57 5822 9503
58 1599 7159
59 5701 7704
60 8743 8228
61 2445 1032
62 2423 4140
63 9658 7620
64 8290 7957
65 6467 3467
66 3492 527
67 3130 5366
68 1539 8344
69 9311 5409
70 2766 7849
EOF
