NAME: berlin52
DIMENSION: 95
NODE_COORD_SECTION
1 446 5908
2 2387 6124
3 3875 5091
4 2552 4595
5 5497 5280
6 9024 6689
7 983 3477
8 4304 8350
9 5626 4016
10 6552 3770
11 8858 3480
12 9882 7430
13 8482 6231
14 9803 2841
15 538 5488
16 1662 983
17 7747 401
18 7106 1622
19 5491 6010
20 2568 987
21 1289 1591
22 4027 8624
23 1419 4682
24 6973 3396
25 8698 9876
26 7166 3907
27 3355 7047
28 7689 8188
29 3277 3843
30 7381 3814
31 9330 9042
32 1149 7077
33 5794 4606
34 5050 1284
35 615 7617
36 8622 8256
37 5560 2649
38 6879 6978
39 7330 203
40 374 2379
41 78 3891
42 6286 9784
43 7289 326
44 7971 566
45 4168 5351
46 731 9850
47 745 1879
48 6926 6538
49 2837 8327
50 7822 3451
51 2295 6443
52 8058 7854
53 5443 4936
54 1184 9125
55 5138 1557
56 1503 5215
57 1799 4140
58 4998 9087
59 4465 9321
60 9652 4985
61 4671 6735
62 1186 5415
63 4965 8111
64 8305 7801
65 2789 6126
66 7604 5083
67 8920 5661
68 9289 715
69 597 472
70 9839 2086
71 8380 1341
72 3653 178
73 1833 5002
74 9264 2649
75 4322 5268
76 7633 5345
77 2002 8818
78 759 3318
79 3280 5415
80 7471 2420
81 1540 5074
82 3855 6812
83 7086 3143
84 7526 4034
85 3614 7364
86 6120 1993
87 5056 6124
88 8522 6888
89 1125 7785
90 9537 5447
91 3052 3521
92 7143 1405
93 8691 7901
94 1075 8322
95 3316 8545
EOF
