NAME: berlin52
DIMENSION: 40
NODE_COORD_SECTION
1 8987 3385
2 3621 3606
3 3115 5595
4 1373 1138
5 4879 6900
6 1340 1866
7 387 6342
8 4769 2110
9 845 1198
10 8697 7908
11 7825 3859
12 4383 6876
13 9500 6526
14 9568 567
15 4729 2210
16 6643 3715
17 5595 264
18 3672 5061
19 2210 5045
20 6198 3440
21 8296 3890
22 5305 5034
23 6583 6426
24 7143 7427
25 3975 2191
26 1686 1800
27 6050 6068
28 5027 1901
29 8946 4594
30 2468 3674
31 3156 9110
32 7388 8750
33 5725 1060
34 3810 4286
35 2456 6360
36 7725 7103
37 249 9382
38 2136 6831
39 2159 5631
40 610 6133
EOF
