NAME: berlin52
DIMENSION: 85
NODE_COORD_SECTION
1 3490 2769
2 7695 370
3 8006 2950
4 3 3927
5 3004 8639
6 9985 5812
7 1853 8796
8 8255 5871
9 5648 2545
10 2535 4160
11 5754 1360
12 3930 9326
13 5895 3713
14 4894 4489
15 1612 2715
16 5709 1453
17 1835 9755
18 1822 9841
19 2705 8176
20 119 5708
21 6814 103
22 7871 5018
23 8899 2477
24 7241 898
25 1373 9775
26 5057 7126
27 1135 5339
28 6451 3381
29 9051 7697
30 7869 662
31 6763 9929
32 8466 8598
33 9683 287
34 4790 8739
35 8462 4908
36 798 1627
37 1362 5020
38 6645 260
39 7496 3885
40 1157 5220
41 3659 2566
42 2345 1145
43 7904 5148
44 4525 6954
45 2844 8745
46 3968 9606
47 5025 2433
48 4555 1060
49 9072 9344
50 9798 7533
51 603 6948
52 9160 1965
53 1967 2156
54 8576 5815
55 6040 6085
56 1034 6050
57 8650 9731
58 3547 2905
59 4878 4423
60 6210 4073
61 9520 177
62 3678 4544
63 8962 4585
64 1955 8033
65 280 1753
66 1917 883
67 5052 1076
68 9199 7018
69 9583 7774
70 9184 5622
71 3858 218
72 8024 8859
73 9948 1570
74 1763 1177
75 5992 7973
76 5249 5511
77 4501 5278
78 6407 9814
79 9862 8361
80 7846 142
81 6465 9763
82 7376 1516
83 7190 6574
84 4886 3125
85 4347 4069
EOF
