NAME: berlin52
DIMENSION: 100
NODE_COORD_SECTION
1 4577 9860
2 1555 6318
3 4303 7365
4 8906 4868
5 3782 2427
6 6800 8950
7 3881 3015
8 5501 4880
9 645 4840
10 6203 2054
11 2067 8890
12 4268 664
13 7558 9120
14 9682 4044
15 9899 9665
16 8763 4475
17 5877 6669
18 7144 179
19 385 2401
20 1399 519
21 4827 4550
22 9468 5060
23 7565 4968
24 9939 4561
25 6160 2493
26 6614 8226
27 7734 882
28 8889 5291
29 1 4923
30 5686 6251
31 4587 800
32 726 6815
33 7468 4221
34 3346 7853
35 6622 4744
36 8371 7800
37 5645 4190
38 2859 9561
39 5509 9149
40 4122 1668
41 1642 735
42 6246 5727
43 1616 5134
44 1018 7969
45 6408 3055
46 4219 995
47 3855 1296
48 7809 7674
49 5517 1154
50 1878 8490
51 2249 6600
52 6289 4246
53 7141 9148
54 3806 2650
55 4648 7927
56 4317 2641
57 8662 6914
58 8368 6629
59 8400 5737
60 949 4807
61 8791 1520
62 5801 8997
63 2815 9962
64 3023 4683
65 7467 4900
66 3172 6068
67 7852 9461
68 313 4992
69 4960 4118
70 7641 9607
71 2045 8310
72 8600 7058
73 5223 6967
74 38 9974
75 2703 987
76 4781 1493
77 8858 581
78 6842 8024
79 6894 9864
80 2707 4361
81 1115 2230
82 6780 5318
83 1690 7092
84 310 3001
85 7561 4302
86 8960 5957
87 8963 7559
88 9366 538
89 4525 9404
90 511 7227
91 6742 5291
92 5071 5599
93 2224 8264
94 3622 5469
95 8127 2680
96 6181 5594
97 4910 2960
98 911 2951
99 6403 7572
100 5952 3964
EOF
