NAME: berlin52
DIMENSION: 55
NODE_COORD_SECTION
1 3840 2863
2 8387 9667
3 6119 3622
4 2999 5307
5 6602 8825
6 9308 1626
7 2415 5217
8 6487 5695
9 3403 7042
10 4478 7305
11 2639 1081
12 5854 1266
13 6377 5794
14 1236 3396
15 2279 1613
16 2703 6118
17 827 7441
18 2136 6945
19 1063 5134
20 8604 7664
21 3959 7911
22 5641 2725
23 9480 2127
24 4772 2882
25 5520 9249
26 186 4510
27 6681 2391
28 2127 3057
29 8184 3362
30 2804 462
31 1326 5506
32 2932 8504
33 2947 5067
34 5449 4009
35 6553 4052
36 8024 6863
37 8314 3664
38 9587 7793
39 2142 710
40 7027 4014
41 9958 7212
42 4875 2990
43 5955 7002
44 2398 490
45 6715 5202
46 7304 4393
47 707 235
48 2896 5
49 1653 4696
50 4013 8205
51 8747 8388
52 5067 3413
53 2051 1006
54 7557 545
55 1715 4583
EOF
