NAME: berlin52
DIMENSION: 65
NODE_COORD_SECTION
1 3038 9412
2 2215 2327
3 1108 6325
4 8420 8517
5 7315 4346
6 621 9882
7 5007 3565
8 8678 2104
9 6795 5023
10 3124 258
11 326 4625
12 511 6541
13 3703 7405
14 6064 5318
15 2963 6132
16 6598 2352
17 1895 5164
18 1030 3002
19 1489 9449
20 7870 8803
21 146 4842
22 5036 1504
23 8406 3713
24 9959 1553
25 5088 3082
26 8162 5413
27 4058 8672
28 8306 7760
29 6077 4369
30 9430 5391
31 6852 2379
32 7742 8747
33 7543 8771
34 8100 9031
35 4571 5970
36 4185 1068
37 811 9221
38 2572 5569
39 2933 2530
40 7121 8020
41 1964 5282
42 9785 2373
43 306 8090
44 6485 6382
45 8810 5914
46 8124 5661
47 4644 2217
48 759 8538
49 7339 8859
50 7568 1909
51 4828 8105
52 9328 1990
53 7325 1899
54 3910 6609
55 781 1030
56 981 9096
57 2664 765
58 1468 2969
59 8854 7952
60 5702 7663
61 217 177
62 9675 4861
63 2393 434
64 3398 9731
65 9292 7318
EOF
