NAME: berlin52
DIMENSION: 90
NODE_COORD_SECTION
1 3518 2071
2 3781 4974
3 4285 9918
4 992 1891
5 1324 4017
6 5619 3805
7 4624 6357
8 213 8524
9 3689 3632
10 8241 6059
11 5361 4100
12 9738 9181
13 912 3084
14 9092 1315
15 7273 141
16 4604 7142
17 2211 4737
18 2115 6495
19 1006 9458
20 4738 2329
21 3475 356
22 2485 4450
23 6712 2697
24 9325 401
25 6329 7565
26 2811 8041
27 8016 8900
28 7222 5279
29 8335 2665
30 6594 5607
31 2805 7549
32 2748 1368
33 8637 1214
34 4214 5994
35 7024 8951
36 8322 498
37 5659 807
38 1299 2370
39 9855 623
40 9122 6183
41 4540 1932
42 576 8907
43 7183 4149
44 4186 5517
45 6813 7131
46 7475 5969
47 1031 222
48 7336 6020
49 7788 7902
50 2013 4811
51 6852 335
52 1660 2510
53 7493 2958
54 1232 7347
55 9932 353
56 9882 823
57 8637 6809
58 9730 2171
59 957 267
60 7688 4121
61 7397 5162
62 89 4779
63 1736 3777
64 7150 9523
65 1678 9163
66 685 4881
67 5849 2344
68 3743 9693
69 5301 4974
70 3391 1584
71 1678 3272
72 2407 6666
73 80 2136
74 8837 7388
75 8754 2876
76 1508 2502
77 8037 7949
78 7280 6124
79 8077 4430
80 1998 6106
81 9944 2682
82 986 5792
83 5025 4728
84 5484 6677
85 6053 5226
86 8261 4083
87 8498 7019
88 7100 4929
89 5506 5936
90 8669 4259
EOF
